16
67
233
30
62
247
279
173
78
18
111
248
226
35
89
44
209
261
164
204
72
162
163
102
235
42
73
131
60
3
98
160
35
45
28
206
116
252
156
225
74
190
73
182
106
41
59
27
293
176
170
175
83
141
293
32
38
66
171
38
264
198
215
143
44
278
145
88
191
84
256
58
154
29
89
219
64
132
95
0
42
38
292
82
266
104
170
294
263
241
19
72
259
241
5
65
275
31
47
235
218
259
147
78
242
192
116
102
4
199
177
32
180
0
42
241
38
85
26
95
249
268
127
91
56
199
264
142
209
234
294
74
211
34
182
270
176
83
64
57
7
259
138
218
50
130
19
78
276
51
32
230
20
97
7
102
94
17
98
119
292
96
150
163
18
203
135
69
69
83
26
72
254
9
148
38
248
202
224
89
281
133
206
238
296
45
207
78
202
145
260
122
197
75
150
158
284
270
64
176
1
13
140
205
262
222
198
46
85
172
44
156
23
200
225
197
259
91
158
238
154
116
56
162
145
239
299
141
249
79
216
28
240
69
30
65
188
282
217
64
109
140
2
74
58
283
15
242
242
289
30
266
147
94
78
16
206
162
161
175
206
256
148
254
156
277
18
24
18
223
212
127
98
5
106
34
229
212
3
74
23
292
287
82
216
48
73
252
58
182
141
39
165
121
35
96
70
262
297
51
21
276
82
192
202
285
111
175
269
244
24
165
251
89
179
9
165
36
139
150
299
242
266
299
275
271
25
186
122
152
141
58
252
78
277
229
30
70
211
1
56
60
129
226
241
134
165
136
101
293
203
42
41
273
117
59
70
205
20
228
202
206
18
12
222
34
123
226
110
0
124
175
182
82
160
278
213
279
233
150
279
161
139
182
2
136
131
129
83
138
78
176
133
172
27
124
208
160
189
25
229
67
238
31
43
121
180
27
83
38
286
135
81
222
5
160
82
295
89
205
291
99
134
26
6
203
83
283
129
188
66
1
288
43
273
91
123
8
90
79
123
7
21
261
2
163
158
92
96
79
234
200
162
237
209
118
26
283
72
133
218
20
131
89
1
135
124
94
244
58
21
293
144
38
71
19
147
5
197
95
268
203
9
8
243
88
45
236
212
280
113
83
97
204
134
168
239
244
296
9
188
267
7
74
89
47
28
168
171
162
162
89
121
79
182
247
195
0
234
291
112
230
119
257
276
121
222
280
98
125
26
44
1
45
41
266
175
46
204
73
241
152
141
196
266
108
122
196
224
35
137
226
86
15
185
160
176
200
103
147
102
249
36
262
227
93
81
283
70
272
231
123
103
109
87
48
13
58
294
197
162
241
237
164
230
165
161
170
252
8
289
242
170
13
35
206
91
251
164
141
230
276
52
179
229
181
109
113
230
263
56
189
238
74
141
298
1
176
90
48
214
134
1
237
250
9
142
106
55
20
65
89
36
277
227
158
106
94
105
76
85
36
273
171
78
129
155
34
243
18
56
171
4
8
292
12
164
38
269
251
79
258
156
189
1
274
6
131
57
142
26
263
2
182
131
85
112
31
190
175
26
17
295
287
27
106
192
241
182
298
238
162
163
299
205
291
78
87
94
150
233
17
252
148
83
69
171
36
26
126
211
280
7
273
102
246
26
34
163
33
251
107
150
249
37
76
9
249
227
21
131
188
94
78
224
102
87
135
136
29
230
16
83
20
228
79
62
212
131
25
224
43
57
251
161
67
14
299
188
285
259
36
8
297
212
247
8
289
256
219
274
5
131
263
295
5
145
49
125
107
127
48
221
13
149
32
47
210
16
239
20
164
262
254
215
117
95
277
113
149
187
78
205
135
168
230
160
225
85
144
123
0
31
59
259
189
271
95
256
228
82
165
91
44
210
66
246
243
64
73
292
204
16
152
227
228
97
196
177
98
187
129
193
292
104
159
220
292
35
57
147
89
164
236
150
121
134
194
171
273
96
256
291
87
140
267
1
204
230
215
149
119
36
255
258
280
238
204
228
170
266
171
101
180
7
42
66
141
122
176
118
72
121
293
146
141
171
277
171
244
99
19
293
238
42
245
35
189
93
281
29
160
163
247
160
286
245
7
163
160
244
28
74
176
46
73
78
248
150
224
140
152
175
188
140
212
71
89
150
257
96
141
75
34
210
242
144
292
248
51
20
197
223
90
277
287
296
234
242
259
252
113
35
88
72
101
106
180
6
141
203
164
51
254
91
276
87
106
230
36
136
294
38
122
66
251
23
147
241
200
1
195
279
163
127
36
46
13
12
13
41
97
142
95
141
250
84
291
2
259
276
191
237
57
272
10
236
291
49
239
149
187
111
133
286
81
222
156
230
291
291
280
42
41
94
144
247
237
269
92
251
4
189
222
43
104
5
291
22
199
78
11
120
59
193
283
233
124
228
288
203
116
93
185
21
93
298
119
201
291
212
133
284
106
268
195
241
116
73
6
268
71
105
84
222
91
73
13
280
269
103
0
137
58
230
43
15
291
63
236
45
19
5
70
15
34
149
7
33
13
40
95
197
215
256
108
241
263
211
52
104
71
73
141
78
56
150
252
162
145
67
158
255
112
281
97
291
23
222
118
160
150
222
207
43
258
40
78
249
163
151
42
64
14
201
265
65
162
35
152
272
35
130
147
241
292
79
193
179
209
147
14
70
213
150
150
225
205
72
52
291
204
104
85
122
247
225
121
166
276
204
35
181
110
46
29
59
252
4
0
278
293
35
227
162
275
137
85
154
97
197
173
30
225
229
122
45
206
0
263
60
15
141
33
98
31
124
262
136
4
281
82
8
13
47
292
9
228
178
82
180
131
270
233
214
165
285
271
158
106
244
3
46
221
116
238
150
249
129
232
172
27
47
238
242
34
25
171
193
132
138
222
140
234
212
188
92
43
94
135
71
56
26
42
218
147
226
185
55
277
91
35
225
64
154
63
36
203
77
214
161
259
98
114
12
291
47
147
29
201
175
202
238
299
185
185
20
116
169
251
269
57
78
35
31
114
93
189
34
64
57
129
35
186
84
192
82
249
20
58
291
160
127
289
144
121
189
122
171
234
99
224
9
189
75
132
8
47
206
242
147
262
97
139
235
144
75
293
271
219
104
298
101
72
285
290
288
43
173
257
97
120
121
257
173
254
292
72
262
58
123
118
66
135
67
33
197
299
258
124
169
139
31
19
74
269
143
68
149
213
146
107
42
15
41
207
132
278
9
204
155
178
133
171
146
180
201
91
190
150
280
1
121
37
91
276
228
159
57
262
51
89
106
123
71
72
189
57
44
195
21
131
72
162
0
35
256
81
268
64
116
81
287
2
156
20
203
251
238
263
243
249
74
185
121
249
123
16
125
171
155
48
144
30
29
176
43
253
150
78
252
129
121
222
221
121
34
25
223
242
83
70
1
266
242
261
28
18
149
133
98
89
93
50
277
74
113
234
83
193
23
21
154
195
2
204
240
28
36
58
97
133
136
44
222
192
145
200
250
133
160
182
135
7
128
210
184
239
227
107
165
88
96
211
17
218
203
32
283
109
201
197
81
123
72
99
78
291
209
78
254
78
221
90
228
5
280
6
64
36
44
274
20
144
78
38
132
15
204
94
13
242
42
14
251
122
209
208
184
202
260
213
36
239
147
55
218
49
242
194
149
18
198
221
67
90
282
137
228
203
36
4
9
197
224
42
150
95
239
19
296
184
180
44
244
292
241
82
251
81
82
163
139
287
168
281
206
263
246
99
94
176
6
121
81
67
46
89
66
140
162
263
133
132
144
53
239
292
116
219
116
281
251
174
74
83
189
106
145
44
209
163
36
34
242
34
101
19
124
160
250
292
57
158
289
234
204
150
266
44
1
132
189
117
193
176
34
121
180
280
241
19
131
92
170
271
291
71
274
5
95
252
151
209
150
175
38
38
194
63
141
168
84
51
17
148
164
133
122
79
118
20
117
8
275
54
14
119
291
83
41
162
143
173
72
138
122
13
51
67
0
26
282
263
41
44
36
142
79
84
262
272
78
56
289
109
79
152
119
73
121
18
178
35
61
241
35
298
31
259
200
0
266
180
21
7
107
7
243
66
207
250
224
123
137
45
286
211
197
159
16
97
295
4
213
89
72
92
77
279
171
61
15
141
21
134
141
34
173
292
135
140
224
200
168
105
169
21
135
231
272
113
163
79
197
192
149
97
247
197
4
204
213
161
188
5
95
228
299
35
216
190
247
27
6
36
6
17
169
2
185
138
226
104
1
178
204
74
29
200
81
190
203
212
248
143
130
242
243
142
78
78
57
24
241
109
254
34
237
77
88
53
114
158
26
198
241
156
38
25
41
89
147
172
26
129
150
106
79
64
204
263
237
229
177
28
290
130
104
83
143
7
84
18
214
284
3
93
42
28
73
1
72
20
83
294
27
123
5
98
43
99
57
21
283
14
197
47
187
197
165
65
256
95
241
273
176
266
95
158
83
74
182
254
237
157
206
174
298
165
172
72
16
83
176
127
116
97
75
89
141
116
173
171
147
124
259
173
251
175
130
265
150
209
158
93
138
283
132
241
38
103
5
124
176
104
105
210
36
144
77
141
52
271
215
138
122
188
78
218
57
262
241
85
95
251
109
276
35
286
57
161
105
34
78
267
121
61
34
152
249
30
211
182
165
66
279
131
43
85
35
206
248
280
162
123
277
274
0
131
83
176
224
239
234
44
147
235
83
41
13
287
89
67
141
30
296
150
241
241
65
123
69
182
42
245
243
212
291
120
254
271
100
229
24
84
243
292
90
64
66
162
82
36
96
97
277
176
20
84
123
271
152
73
46
118
64
209
277
20
81
261
42
111
62
209
281
33
149
40
221
204
42
89
14
143
5
165
89
277
121
13
242
206
268
52
163
169
142
227
15
69
34
119
193
35
130
188
104
58
78
70
162
137
250
75
88
194
129
271
228
209
104
249
70
45
137
28
67
47
203
65
136
95
152
123
93
163
110
188
212
81
205
234
113
277
171
103
230
185
289
98
124
144
277
40
9
72
269
52
195
150
201
172
21
185
72
72
256
230
58
147
283
193
150
7
42
95
118
6
141
51
85
20
215
60
96
252
45
231
250
156
101
251
269
245
230
41
24
120
35
230
238
209
188
131
26
299
105
291
246
103
52
163
79
1
163
132
269
26
291
13
197
275
147
57
75
147
202
148
201
59
47
160
98
143
34
248
97
25
206
263
146
3
265
116
11
222
89
42
58
176
73
160
150
174
139
251
72
57
134
182
131
113
135
64
175
83
121
57
34
128
136
33
143
110
2
62
66
59
20
39
264
235
1
28
7
14
17
242
251
264
150
266
194
291
230
263
75
164
153
146
183
202
77
206
118
266
52
277
78
264
59
230
158
162
75
257
165
202
230
292
287
111
7
79
144
192
75
178
268
38
75
14
189
147
265
147
165
13
251
189
71
33
78
171
270
275
123
59
256
57
57
295
119
67
290
246
89
78
150
288
33
204
176
277
48
186
72
72
207
20
79
32
122
162
245
5
36
25
118
89
269
135
205
94
0
168
95
112
150
260
207
131
78
26
150
20
135
97
185
299
171
37
61
13
140
243
139
41
150
109
172
92
254
81
249
235
137
176
213
260
42
165
242
122
88
44
182
40
43
59
222
256
98
251
138
171
107
215
208
117
226
42
250
182
185
120
206
72
196
201
15
103
13
242
150
140
35
150
199
89
20
24
235
20
230
206
189
129
79
153
173
181
83
104
121
141
42
204
286
96
19
42
198
74
72
1
162
287
42
192
169
47
18
50
43
291
19
119
202
82
20
78
185
145
51
270
38
171
144
189
131
91
160
41
186
150
67
25
59
255
202
279
136
229
45
36
241
242
192
299
166
25
262
230
73
203
147
215
23
146
239
189
132
241
271
79
227
231
47
174
141
166
277
135
67
241
26
0
192
84
56
24
211
54
171
25
1
172
95
242
238
75
141
252
67
26
64
7
78
290
5
28
141
133
263
122
149
116
50
271
256
215
43
40
241
51
266
221
83
35
253
131
170
69
291
64
222
123
95
263
164
241
72
55
121
38
106
125
69
5
36
127
97
280
223
241
4
235
122
265
1
247
113
27
64
163
250
1
28
233
36
78
34
170
121
119
261
141
41
121
116
257
165
47
58
249
141
224
28
111
249
102
2
181
26
27
44
135
128
255
257
165
251
17
104
38
43
171
160
115
20
249
226
232
201
123
88
117
289
241
266
258
265
20
272
227
66
154
287
26
32
178
266
73
241
212
258
95
294
55
78
136
168
198
295
61
20
261
238
139
226
204
29
151
238
57
222
42
29
68
67
258
9
162
124
5
189
294
212
2
282
6
148
269
89
172
116
204
66
123
178
128
32
217
41
29
172
221
152
183
117
279
140
140
151
114
223
57
104
249
233
164
79
185
2
234
5
90
295
149
103
133
162
215
204
181
75
179
18
174
65
290
21
135
44
44
38
112
57
263
73
295
133
249
270
21
190
94
58
187
194
132
178
106
112
285
217
125
249
105
117
7
75
102
150
283
243
218
64
207
222
253
150
61
171
77
147
228
65
90
3
251
131
50
280
57
238
298
171
5
134
251
141
89
212
78
74
94
253
89
13
140
118
243
147
19
289
299
67
163
96
232
67
158
116
98
20
66
174
36
62
234
83
46
204
36
5
46
42
281
18
58
1
2
44
283
273
204
215
241
74
256
89
210
259
171
123
297
140
1
244
184
250
57
172
226
289
63
25
197
259
133
3
186
198
51
159
241
231
282
49
83
42
242
233
35
32
30
104
298
258
172
58
202
94
212
246
48
73
139
239
5
147
30
154
164
220
73
104
247
67
247
121
147
295
204
83
141
218
263
0
216
65
251
135
242
204
49
252
61
209
258
125
23
120
197
291
141
168
43
79
71
250
10
291
78
158
77
233
187
178
241
235
252
113
169
290
206
30
1
89
0
78
106
104
82
14
179
101
213
222
196
121
208
148
204
269
0
81
164
164
89
18
34
38
204
163
140
118
260
202
41
107
163
151
31
62
202
149
295
11
150
1
121
234
82
160
164
181
123
158
9
175
123
160
175
147
91
9
42
281
44
264
36
34
128
98
202
242
58
1
166
170
10
216
11
63
267
159
295
227
53
230
190
234
287
124
231
272
64
20
269
78
88
91
253
171
241
105
195
106
279
292
49
75
292
63
27
222
268
203
144
289
32
21
259
69
248
63
232
219
137
41
190
192
286
89
49
28
44
197
230
5
134
207
160
29
242
97
89
106
91
42
21
4
0
32
189
156
110
120
32
38
291
13
202
51
289
104
89
7
251
254
135
141
148
249
78
72
258
296
119
168
94
7
159
18
104
30
136
206
206
207
225
267
133
122
131
284
57
14
241
132
28
51
213
106
103
173
192
242
41
17
249
116
5
272
228
64
222
141
171
122
129
280
171
212
36
26
257
250
26
175
66
142
179
30
50
9
225
204
271
64
87
58
242
171
163
48
50
94
147
204
131
292
121
19
214
167
145
178
299
211
12
61
127
44
29
50
6
112
70
268
8
150
13
72
50
38
284
27
18
220
175
126
134
203
9
197
212
254
31
193
5
135
116
97
0
215
165
241
70
163
254
114
278
273
249
250
36
249
112
133
16
208
71
30
209
51
29
36
85
206
135
206
229
203
141
129
196
169
62
5
264
49
299
78
213
299
28
241
176
49
65
5
42
116
241
206
48
158
1
204
113
122
190
101
212
92
164
169
124
134
90
158
57
6
298
129
118
184
257
265
13
121
229
256
229
72
294
140
144
163
218
195
189
9
120
144
21
158
67
36
107
94
176
127
251
108
250
265
111
95
103
145
178
111
249
237
89
84
98
292
141
268
263
291
193
28
78
202
84
48
109
30
73
175
119
294
206
206
84
228
52
187
123
59
242
165
166
5
219
5
229
24
67
266
188
20
9
19
50
5
161
192
168
222
106
60
66
104
190
233
71
228
29
35
141
202
270
58
292
6
67
270
206
106
135
20
249
133
119
185
42
234
228
131
274
146
230
96
134
251
277
197
1
251
249
150
244
58
145
131
128
67
94
132
242
36
289
35
26
147
106
210
31
292
238
188
133
50
28
78
230
135
150
298
209
188
280
298
270
82
0
116
106
125
40
230
125
94
25
65
129
169
87
65
182
104
80
150
209
38
249
128
54
233
188
6
244
160
298
131
294
9
169
227
241
173
134
170
163
245
6
104
201
224
255
131
203
140
190
210
51
222
189
140
160
85
46
15
78
35
213
104
36
101
5
165
19
66
43
125
164
223
238
182
292
294
40
173
223
94
34
56
31
156
258
242
187
160
194
222
299
78
64
30
5
128
281
98
178
131
147
84
290
61
57
136
168
250
189
30
223
289
249
21
104
17
186
125
272
271
82
102
162
198
30
150
20
65
141
192
124
26
276
128
296
38
263
36
79
78
219
36
7
116
150
26
293
42
117
60
72
215
6
52
249
178
190
35
184
44
230
211
176
104
35
166
69
281
189
1
188
36
222
81
196
83
244
60
260
21
299
171
97
254
190
174
71
128
198
127
84
13
39
73
224
114
20
112
30
1
57
141
174
291
34
252
133
5
42
186
94
165
93
292
9
271
149
49
224
226
63
158
173
234
123
154
222
171
41
289
18
129
251
36
124
296
190
276
179
224
165
277
190
160
235
127
232
293
160
89
21
162
115
71
267
126
131
256
57
44
124
33
277
85
42
172
128
16
176
198
212
9
5
283
196
75
215
117
164
269
26
150
13
150
223
233
257
50
48
280
113
232
54
187
15
47
9
6
5
123
112
259
91
47
183
105
240
204
72
67
134
248
72
43
114
113
65
136
295
21
106
238
167
74
116
28
116
194
219
42
13
110
42
219
71
15
108
48
23
59
27
68
106
234
155
131
113
274
162
185
129
1
243
79
32
119
159
228
6
193
26
190
27
0
295
106
21
81
20
189
156
288
6
71
131
95
15
71
246
134
287
289
127
249
208
250
215
231
31
64
182
38
71
4
137
250
185
150
202
105
203
253
273
151
229
116
295
42
26
78
2
7
178
204
97
9
18
81
294
289
85
124
98
164
52
1
292
135
51
90
43
89
177
104
198
140
243
188
263
211
186
46
211
70
233
146
276
42
0
298
238
81
64
128
6
178
106
89
299
140
204
170
212
81
196
2
123
277
190
238
20
171
55
101
271
210
207
105
253
158
234
199
151
71
72
51
158
140
7
234
52
122
38
106
36
238
89
222
34
118
280
103
212
129
225
18
35
21
252
242
79
238
197
249
135
272
214
1
160
35
36
249
108
256
215
14
19
185
178
72
38
28
71
200
21
101
256
204
0
26
105
163
261
137
285
141
14
243
104
48
120
115
250
165
150
45
111
97
242
0
64
230
227
101
56
284
133
185
35
171
251
58
295
88
94
254
215
35
22
106
140
193
213
150
134
106
47
96
180
141
135
204
162
26
0
120
78
176
257
198
64
292
185
121
78
195
0
74
284
220
244
109
286
290
2
194
186
204
230
121
132
251
101
81
163
30
237
1
94
53
227
235
177
25
2
65
45
230
8
134
132
192
241
197
115
279
209
69
64
40
89
20
241
89
1
284
20
42
185
163
85
41
88
28
287
273
64
116
171
220
280
13
177
277
174
200
235
292
221
165
78
71
131
164
6
106
72
52
99
121
192
43
79
49
283
19
112
243
248
35
87
129
229
266
105
51
268
206
79
57
122
106
256
27
171
286
28
95
134
209
35
180
52
285
281
67
85
113
198
79
222
229
204
112
30
259
225
1
113
34
163
185
94
223
140
9
89
135
250
14
209
76
74
296
154
94
133
141
26
52
249
40
183
277
245
299
165
150
160
120
273
120
133
26
298
53
149
267
212
56
77
222
8
249
215
181
276
28
35
24
293
192
150
128
164
139
89
89
28
193
95
279
264
35
160
18
277
206
71
289
252
124
122
187
147
0
17
185
295
174
64
141
290
243
132
292
188
65
74
70
83
5
258
20
299
200
105
230
230
155
33
197
193
271
0
102
269
106
194
101
155
74
177
171
93
134
283
21
158
45
26
226
85
204
201
38
224
123
168
121
279
64
252
5
2
206
187
147
197
212
206
58
50
251
229
88
23
184
86
261
180
257
171
230
217
87
131
231
216
72
238
67
41
34
299
255
147
46
79
72
106
251
106
0
156
259
33
182
262
252
230
268
124
298
143
106
119
52
179
204
289
67
112
142
135
18
18
46
83
241
229
52
101
27
103
98
267
77
230
58
79
169
243
70
1
184
6
144
72
104
121
184
136
11
57
79
63
179
124
6
245
229
189
123
69
43
229
111
241
26
201
64
286
143
158
188
32
78
251
37
232
69
50
15
222
243
256
89
77
36
184
203
0
127
258
234
101
286
52
122
62
174
204
26
235
171
218
244
200
63
238
222
213
289
251
97
147
171
1
224
80
173
93
124
52
284
219
243
291
46
141
67
83
65
109
95
204
6
164
261
82
275
249
130
96
122
43
161
132
257
56
118
236
39
79
282
64
243
243
121
33
188
46
176
21
21
135
27
66
140
92
162
55
0
205
90
268
225
192
225
230
140
263
35
275
279
172
59
29
50
6
9
113
212
48
107
70
20
111
141
72
42
276
5
56
114
224
178
40
242
280
291
213
295
159
178
113
99
238
122
213
57
18
234
273
30
120
74
20
166
41
189
38
257
67
58
49
125
58
118
286
189
38
20
281
64
7
27
124
52
97
222
190
30
35
141
96
253
243
293
65
185
19
190
27
20
69
152
134
6
251
251
224
278
251
280
221
196
122
85
202
219
27
203
116
52
200
117
291
47
63
146
171
63
149
247
1
183
99
241
38
132
111
64
222
219
85
95
44
94
48
198
162
140
44
81
25
291
167
182
131
117
263
78
186
81
177
1
96
281
150
98
25
2
27
291
169
147
135
106
138
105
186
297
72
93
63
102
49
137
242
234
176
171
71
147
36
79
47
69
227
104
64
50
129
163
250
282
78
255
256
28
42
295
11
122
57
130
119
164
234
184
23
47
7
26
95
32
73
147
138
41
121
24
134
123
204
84
109
226
75
56
119
47
64
204
7
84
243
1
260
211
72
229
5
42
209
117
249
271
298
232
88
290
263
104
256
249
125
67
200
219
143
198
186
57
277
27
156
120
78
264
188
244
165
214
238
149
86
220
205
239
284
8
241
215
222
207
129
147
200
131
3
14
8
11
287
213
180
43
38
136
27
7
228
118
162
131
5
106
240
222
284
278
94
160
202
5
235
163
38
242
78
129
12
243
283
89
162
20
118
146
49
279
121
180
8
1
1
30
5
103
2
258
158
241
124
165
1
230
30
68
28
57
242
29
79
89
25
91
140
171
138
150
65
241
290
165
185
36
182
195
6
25
264
7
175
224
41
168
257
269
44
105
231
254
233
171
59
122
185
131
138
33
41
237
235
164
28
106
59
52
95
144
152
109
125
195
82
283
286
133
239
135
269
94
25
79
29
163
20
292
42
204
4
46
272
227
291
147
230
265
272
5
43
150
204
29
97
14
58
96
59
206
173
264
122
138
133
165
72
160
121
141
222
212
182
135
245
237
28
200
127
9
156
131
133
206
78
160
213
103
10
42
81
210
202
190
15
231
249
73
262
26
279
206
81
9
283
3
248
65
221
121
34
114
78
169
41
56
106
125
204
21
167
147
35
200
219
171
186
5
5
58
119
108
35
203
64
66
42
129
111
5
58
162
240
275
223
32
295
245
234
20
37
169
291
204
13
193
169
111
164
111
5
139
72
146
58
72
268
267
249
259
244
48
252
106
184
239
204
10
152
135
164
259
176
153
244
176
41
71
9
53
152
279
83
160
129
150
44
184
101
249
116
165
79
177
41
78
240
228
143
289
144
259
20
160
278
68
56
265
171
208
218
237
290
253
256
97
242
17
77
1
248
95
133
298
9
212
21
106
8
160
20
274
2
226
190
150
238
144
78
94
291
299
170
82
171
83
256
78
15
252
231
206
171
66
241
112
196
78
128
27
66
229
41
130
248
150
28
131
247
110
44
131
258
233
25
15
52
41
292
241
222
47
64
154
64
206
41
46
144
238
111
36
208
5
143
187
147
52
1
144
92
20
237
101
139
200
36
50
171
266
73
182
47
36
195
160
160
204
91
160
70
192
142
249
95
46
217
140
47
190
34
27
219
291
251
13
233
128
24
35
263
252
73
242
221
106
78
35
116
147
207
201
36
266
87
117
89
72
292
251
150
83
3
207
45
226
18
267
280
263
197
248
156
230
95
241
35
243
172
154
186
151
141
160
26
252
200
57
21
133
207
6
59
158
252
11
96
158
41
299
189
30
33
222
98
42
21
279
84
136
247
4
147
205
178
45
45
133
222
121
51
27
299
89
81
88
196
94
268
241
258
214
36
2
7
50
15
197
121
46
97
39
204
43
50
35
160
146
57
197
33
238
172
242
241
134
90
160
95
98
293
146
253
124
132
1
230
117
208
199
273
103
183
77
175
248
103
30
171
195
273
122
260
188
57
147
90
150
121
209
250
26
94
216
19
200
286
77
150
249
249
173
212
223
238
17
52
293
112
87
73
37
258
72
158
228
200
150
235
117
5
105
225
206
171
159
280
253
276
41
13
121
78
81
240
145
50
95
281
281
150
172
7
43
21
6
136
292
202
28
35
135
83
214
127
116
180
104
7
265
257
31
259
227
214
5
280
124
13
210
42
51
26
48
187
25
78
175
18
89
198
152
295
74
158
64
69
95
36
28
143
194
77
134
104
138
87
24
245
1
220
179
229
249
25
114
50
223
251
251
94
147
295
75
162
199
260
64
160
21
79
49
78
254
194
259
261
204
66
248
268
95
291
227
69
256
190
137
216
63
46
200
144
50
164
14
123
43
248
50
112
171
32
64
292
233
1
11
96
267
79
129
224
20
172
136
140
251
130
260
189
20
5
175
94
190
116
249
245
112
86
163
190
208
251
18
147
179
196
176
293
251
72
94
80
263
257
1
230
291
173
96
29
34
131
238
109
101
256
252
227
21
42
116
132
235
6
136
79
34
240
283
171
133
269
156
286
79
109
15
160
36
9
43
234
56
48
109
99
278
160
70
219
240
152
79
277
266
171
74
47
185
171
29
207
15
67
295
283
67
241
274
2
73
16
133
64
0
283
72
171
291
251
187
19
79
261
141
225
270
147
149
190
41
35
242
188
149
252
254
291
248
182
149
134
83
27
133
83
9
44
249
281
279
147
1
266
166
135
137
50
121
18
225
280
94
89
32
141
251
38
1
74
114
99
128
168
94
47
281
72
179
207
72
138
165
18
150
164
25
78
85
20
293
243
123
30
56
187
124
9
206
179
204
19
6
140
166
78
78
225
28
255
43
278
45
20
129
104
204
57
268
131
125
289
44
94
121
174
278
36
91
171
67
41
94
11
48
69
192
131
206
159
282
106
168
18
160
165
96
199
238
164
213
131
158
289
2
140
0
5
7
241
266
92
5
78
9
234
249
273
26
266
132
130
160
154
231
141
38
291
219
89
222
232
175
120
182
74
292
51
171
230
55
137
30
222
73
149
135
31
245
5
160
255
70
261
57
195
168
122
53
257
176
97
138
58
183
78
263
159
77
175
103
9
57
19
98
0
280
102
31
250
265
63
78
134
244
158
161
28
135
57
193
83
94
130
98
69
297
230
6
252
251
120
44
190
240
55
104
12
219
294
38
172
121
179
238
135
75
257
264
204
134
73
219
101
197
292
178
280
131
146
247
37
6
161
123
228
164
250
207
202
235
160
45
1
50
196
75
188
19
162
252
158
132
161
193
237
182
238
150
13
90
168
5
121
67
6
53
121
220
266
243
121
97
260
225
141
261
276
143
277
7
283
249
85
32
37
114
26
78
20
72
205
230
179
14
5
204
65
129
78
55
7
230
94
20
105
121
105
135
269
171
188
266
49
106
106
164
242
205
4
234
53
27
274
130
89
72
286
266
68
56
251
94
93
210
2
165
89
97
86
20
292
1
134
205
64
277
97
82
35
257
8
92
147
7
149
298
127
96
140
277
241
116
36
79
171
189
6
106
140
31
293
43
70
80
211
176
101
12
38
147
39
56
94
189
78
62
88
222
103
158
42
46
109
266
252
73
266
128
266
230
206
113
176
23
115
243
204
250
2
203
202
287
27
206
189
82
249
171
57
214
71
261
96
43
251
41
21
42
191
64
277
252
204
94
222
261
20
220
96
241
187
78
47
97
250
105
254
243
199
144
280
152
2
68
213
254
199
142
279
254
18
244
43
135
43
152
230
98
168
102
6
55
162
174
81
119
68
134
191
133
52
291
89
191
203
64
242
298
15
71
85
117
28
191
238
45
202
236
46
212
208
18
260
236
163
71
20
77
112
78
51
109
42
121
113
174
64
294
47
99
52
78
243
203
26
169
47
180
104
204
0
5
257
15
62
72
83
13
160
242
7
296
0
218
131
78
241
240
172
242
25
189
152
1
42
43
82
284
134
116
225
120
141
237
101
51
38
277
252
26
74
42
89
170
143
83
44
140
292
193
189
44
141
58
9
208
42
122
65
121
5
141
178
35
177
29
39
79
276
269
2
1
14
48
36
172
137
121
0
136
133
121
29
95
292
15
151
20
7
8
20
109
58
140
41
249
227
234
78
141
42
243
265
27
3
10
168
131
238
144
81
215
195
219
159
2
18
230
137
121
122
78
38
51
88
73
95
64
242
160
1
226
215
216
48
280
171
117
104
45
4
200
206
74
131
299
135
259
124
0
170
267
218
269
34
202
45
32
59
40
65
106
171
292
217
97
69
273
297
284
34
70
97
236
36
50
66
26
133
112
242
243
43
192
204
40
217
4
119
61
129
77
257
12
155
50
136
156
50
228
105
42
58
171
119
247
238
16
185
89
162
297
120
187
228
217
64
10
175
197
243
161
7
140
238
241
273
174
216
124
59
289
62
243
160
230
258
182
37
158
1
154
7
122
5
242
1
2
57
256
276
244
147
6
292
42
18
299
82
97
97
89
221
292
95
96
20
208
34
165
185
164
276
103
35
21
1
84
234
238
97
40
32
32
230
136
286
224
95
181
36
7
131
93
196
90
239
164
21
187
28
2
36
78
266
283
75
38
228
223
103
195
204
33
132
225
131
9
160
243
165
228
35
175
268
285
234
275
233
37
18
43
298
115
212
232
249
108
69
189
68
68
166
238
109
257
28
150
69
20
177
165
292
231
152
244
113
275
13
31
107
189
6
174
150
182
57
245
25
162
96
42
266
78
21
260
150
195
171
89
206
67
167
221
28
113
222
243
158
50
120
89
266
44
35
295
20
146
165
234
6
65
144
163
155
41
33
35
67
105
12
251
116
28
28
294
269
289
80
213
231
163
78
94
166
196
240
291
20
97
222
234
172
257
28
127
43
238
89
24
30
48
255
9
29
147
203
144
67
103
128
69
247
35
0
26
138
76
38
159
43
150
59
40
185
143
43
66
35
94
26
47
256
28
276
13
203
49
150
67
230
16
62
252
52
16
18
256
95
31
1
5
13
214
115
163
101
257
252
132
64
44
13
64
133
89
238
235
149
16
247
8
6
89
141
15
79
104
245
224
5
150
214
285
254
242
56
77
244
190
176
0
89
5
0
75
28
24
214
277
237
41
65
252
78
89
104
135
206
230
54
190
279
237
48
278
261
215
144
150
19
172
230
245
5
161
38
290
40
245
62
234
213
43
141
9
149
133
204
42
136
45
204
220
241
48
111
185
297
198
58
258
164
123
88
251
193
254
118
121
5
168
70
263
215
72
173
279
56
45
126
190
244
179
284
149
93
218
266
228
111
49
270
20
144
164
26
143
248
286
2
149
74
12
42
248
251
97
62
16
200
200
36
27
131
206
218
78
46
234
2
274
246
45
146
51
94
275
35
28
117
65
32
267
265
176
95
259
7
83
106
264
189
73
35
35
84
248
258
164
27
290
132
139
188
99
292
215
299
104
29
299
256
44
97
150
134
123
21
249
197
245
5
171
270
280
18
149
19
150
38
37
165
67
276
292
203
200
187
70
20
165
171
260
290
19
5
251
298
37
5
138
185
107
180
147
116
138
94
256
197
132
134
298
257
78
299
206
277
180
191
187
188
155
139
163
129
117
89
46
215
121
89
154
1
51
213
175
211
292
44
69
166
165
97
187
106
172
94
249
29
27
185
164
18
298
261
141
147
68
295
88
42
78
31
2
144
222
129
202
77
185
135
223
158
13
296
26
65
44
282
208
131
140
206
111
39
109
123
123
268
52
18
64
136
52
133
150
150
78
20
175
254
131
33
202
31
273
209
42
233
140
116
69
83
204
43
124
249
38
77
252
29
64
252
21
0
219
81
86
171
20
185
114
257
69
165
37
133
280
57
266
143
261
228
149
286
206
84
65
44
149
291
46
58
123
252
147
225
150
164
175
115
36
45
204
216
206
228
64
133
292
92
263
165
220
1
266
160
255
89
62
273
244
150
133
83
221
283
264
238
141
147
21
185
7
177
204
289
78
244
78
252
122
94
89
97
166
106
158
193
162
9
218
12
263
72
121
238
56
2
7
32
162
1
121
104
191
214
113
57
266
32
142
193
292
74
147
212
266
13
117
165
164
187
143
42
26
131
204
187
252
2
43
259
292
209
283
264
67
123
173
123
128
7
44
147
195
230
0
14
289
272
149
200
64
243
148
6
141
33
79
131
75
0
171
150
101
144
197
160
51
140
50
291
72
199
79
175
141
91
85
34
47
40
131
97
204
64
113
154
56
286
97
116
168
212
5
58
121
237
176
225
291
235
29
74
249
30
95
107
73
147
47
84
72
39
26
42
42
78
276
207
28
11
78
111
81
143
186
204
242
279
72
204
4
140
147
172
171
121
48
78
254
131
2
124
206
38
195
210
95
242
67
247
104
122
122
279
209
273
150
215
74
58
291
0
150
64
171
223
133
51
269
228
211
259
215
217
175
28
75
121
43
215
189
295
65
293
93
110
72
101
21
240
255
34
72
140
129
238
40
5
131
204
71
230
292
40
171
78
154
21
137
243
5
243
134
270
5
233
134
83
78
213
89
270
269
7
150
212
139
275
277
49
228
219
245
72
212
125
200
107
106
206
116
246
21
124
296
131
127
131
140
293
250
0
39
218
70
204
95
57
14
51
275
134
31
230
24
198
0
42
43
225
243
277
170
44
225
113
196
224
85
249
263
276
26
277
237
85
215
81
123
67
288
125
43
20
116
94
82
169
164
162
78
124
94
176
236
161
270
42
180
58
45
71
206
254
247
215
25
222
146
59
5
141
131
27
295
42
78
292
187
46
32
106
289
263
147
275
19
84
182
171
266
206
36
294
1
127
214
51
227
64
69
78
8
74
166
215
149
16
141
252
256
56
291
150
1
79
6
277
113
16
28
147
213
171
20
5
35
72
20
107
124
161
36
6
108
47
230
45
228
213
192
37
228
18
41
230
277
130
69
239
13
75
136
90
0
237
11
21
215
203
167
204
13
95
5
101
25
164
176
155
192
73
202
134
291
6
30
138
27
270
228
139
19
253
14
34
89
144
242
212
143
1
20
56
20
0
42
80
163
176
136
244
219
223
131
133
282
6
116
191
43
153
260
160
0
235
5
188
235
249
147
12
203
89
251
5
65
61
67
65
289
267
171
292
213
12
290
292
165
9
31
30
254
241
26
136
118
159
102
0
266
48
50
228
182
190
127
240
213
231
296
171
36
256
39
20
265
6
204
32
197
43
121
221
141
85
73
48
153
298
146
209
89
243
35
232
142
193
67
185
143
279
268
41
155
71
65
206
281
96
78
204
180
47
266
156
171
277
215
138
120
168
252
67
229
266
241
78
60
209
67
135
104
43
9
192
185
276
44
294
27
158
241
95
226
121
219
111
1
182
119
15
142
263
241
24
135
147
204
79
134
251
217
42
160
19
164
291
216
165
3
176
94
47
82
145
225
36
124
24
164
191
141
295
169
127
224
150
180
268
247
18
135
155
102
26
79
204
58
42
122
132
280
230
123
175
215
89
221
182
24
46
121
222
26
72
5
209
14
88
189
126
136
21
17
89
93
165
190
84
47
238
90
292
241
6
21
1
221
133
230
249
52
218
244
171
149
15
7
78
89
40
101
85
257
148
96
275
232
222
133
234
269
259
179
97
241
6
146
2
95
169
158
60
204
44
299
94
132
40
191
188
234
64
73
214
95
35
206
42
266
50
222
289
16
204
189
160
291
124
195
134
139
65
218
44
26
168
141
130
178
204
2
249
243
67
206
42
15
68
256
57
79
199
259
44
64
25
9
1
237
98
262
251
114
121
18
72
171
47
281
8
10
44
77
33
297
56
298
163
2
17
26
289
158
291
36
86
101
134
230
29
57
101
241
73
171
287
57
57
269
125
254
79
20
103
273
104
193
90
150
135
89
218
269
172
227
184
63
233
20
105
99
255
234
258
155
70
52
1
90
179
75
189
291
239
44
210
236
121
20
25
84
78
68
41
254
117
99
144
7
84
121
291
273
257
266
196
133
222
149
190
258
272
28
135
64
137
64
120
299
113
20
87
263
295
99
64
190
296
264
212
121
82
223
32
72
94
179
243
19
123
178
129
114
72
91
147
290
102
96
274
51
9
278
276
67
200
90
73
245
255
204
175
182
168
164
185
278
210
29
187
78
89
230
105
192
288
267
242
249
238
106
5
13
204
211
298
69
72
85
185
121
204
263
58
296
159
15
254
265
254
160
31
299
44
143
205
278
196
211
15
28
74
6
89
222
104
5
81
139
168
131
67
69
204
255
289
149
31
251
203
158
92
122
211
199
160
81
30
199
90
260
184
13
241
157
64
89
7
295
63
212
241
24
225
41
277
121
242
212
242
25
134
131
242
131
286
84
140
238
81
71
277
28
249
204
269
67
289
171
42
50
56
111
179
131
203
104
273
71
196
250
66
121
245
6
38
292
158
228
42
298
199
238
30
206
179
20
257
177
235
162
34
202
174
121
132
105
34
242
234
126
17
164
160
270
61
64
292
175
53
243
82
277
118
200
292
267
263
51
7
195
256
203
291
156
212
64
107
189
234
9
25
266
221
291
231
58
70
90
122
77
120
64
256
71
69
199
158
146
45
214
187
197
94
262
97
168
194
103
191
225
112
251
94
269
136
13
189
242
252
217
44
177
147
104
224
106
36
279
242
116
150
36
201
266
116
214
174
14
121
8
34
128
84
284
50
5
40
181
7
121
115
241
78
95
206
131
57
240
78
54
26
203
104
71
255
79
45
235
89
198
101
268
36
254
197
288
122
261
119
283
63
117
27
48
145
69
37
228
41
36
23
104
88
13
95
63
178
281
243
46
13
48
102
94
93
242
295
251
2
56
187
141
144
18
36
64
257
96
35
160
197
289
21
229
294
97
173
224
40
23
78
275
124
4
141
56
104
204
47
71
256
249
240
11
98
114
183
65
144
280
91
46
39
38
245
171
249
5
183
121
38
134
47
57
10
28
135
163
48
87
230
90
196
14
229
140
26
289
123
43
28
234
291
73
267
122
20
256
245
193
230
188
85
155
141
243
200
92
199
44
7
175
160
212
63
49
149
203
133
124
66
235
187
19
89
97
192
124
249
28
87
98
286
206
229
38
277
31
282
84
86
17
75
97
13
57
200
137
261
10
227
75
31
75
139
282
250
36
25
38
209
38
242
127
36
57
72
124
252
292
118
183
251
297
33
57
181
21
158
268
230
209
35
79
47
186
43
147
163
219
9
181
164
7
97
0
290
32
121
222
202
9
267
64
113
176
238
242
35
258
1
206
202
210
72
32
285
220
65
104
212
163
219
269
204
249
251
47
106
62
184
266
94
82
212
218
250
120
46
164
70
79
220
138
164
81
35
124
276
99
122
160
197
208
208
122
229
229
214
41
194
31
280
51
64
204
213
52
87
143
238
42
29
121
18
276
175
28
292
257
292
85
227
292
144
14
241
96
90
4
197
147
218
36
276
87
162
9
222
261
288
242
161
94
2
135
243
164
32
190
280
162
220
129
21
144
276
5
66
188
6
0
26
189
169
201
242
96
57
16
44
143
1
57
241
15
150
243
220
67
94
13
117
16
49
167
242
180
177
113
30
30
233
22
234
108
150
292
134
234
284
61
125
131
242
243
164
188
72
214
90
17
244
298
160
6
143
292
134
129
238
123
50
89
6
4
197
13
171
21
1
25
283
213
214
97
141
212
41
30
252
3
280
147
9
258
170
229
297
172
140
5
83
230
121
295
131
154
173
176
38
212
252
298
1
150
21
241
89
280
5
158
249
37
250
17
79
241
298
120
102
104
36
95
290
191
116
295
7
219
56
266
131
254
53
141
240
202
222
66
106
103
281
124
241
129
116
239
193
10
166
35
289
244
188
272
104
97
263
40
26
121
79
1
134
109
20
119
240
6
83
31
52
0
35
238
79
201
280
39
116
224
35
26
182
85
114
241
224
39
150
164
243
109
158
212
251
185
275
296
171
144
247
287
231
32
67
50
29
0
78
165
58
256
96
138
124
188
260
258
251
143
38
198
141
14
83
64
104
35
106
250
234
72
251
104
166
116
98
265
171
183
57
188
266
228
78
123
204
79
58
165
283
143
106
280
106
8
73
106
42
83
218
214
90
57
222
182
64
123
9
203
42
133
192
176
6
115
28
206
64
138
233
28
280
20
7
241
292
23
171
162
28
235
205
43
17
199
1
162
33
215
203
182
204
225
17
101
104
299
149
107
267
188
72
19
290
185
204
104
132
56
147
109
283
1
249
276
141
129
269
292
54
107
238
184
34
199
185
96
78
64
212
255
167
23
243
232
145
144
89
223
171
67
267
135
224
197
66
56
206
168
243
30
7
5
164
224
289
227
144
180
171
197
204
104
44
0
107
109
1
75
143
20
299
121
106
206
112
134
42
28
269
242
266
245
43
148
7
283
298
1
37
188
26
290
58
171
1
192
211
124
133
111
134
273
67
116
131
188
153
269
122
199
203
79
119
52
83
101
109
250
141
150
20
227
158
212
279
155
176
241
292
147
123
121
256
256
238
175
190
72
92
95
253
160
75
123
296
13
267
182
99
172
131
85
15
249
10
77
53
230
213
248
187
147
298
188
252
9
131
5
90
127
279
121
26
279
233
188
62
129
158
43
101
124
35
179
14
263
91
244
185
104
172
207
120
182
104
252
189
114
99
269
152
65
245
95
59
106
156
202
29
28
64
78
94
29
106
69
31
74
36
78
245
147
36
64
57
240
256
219
57
158
179
256
214
78
260
238
178
1
23
28
94
87
165
290
167
146
179
185
65
263
122
218
243
89
118
38
249
96
298
281
25
156
0
163
23
48
56
222
178
97
104
132
149
211
158
258
163
35
50
35
112
142
75
193
83
234
51
124
264
28
72
70
146
35
5
262
112
131
71
76
29
105
57
273
89
206
42
26
30
273
131
5
192
228
266
196
135
46
218
199
67
222
22
150
234
199
268
30
8
62
277
33
106
275
165
5
263
190
75
154
30
20
248
215
296
94
99
97
147
35
99
26
176
2
230
94
140
235
122
208
132
215
78
20
58
8
71
113
189
7
95
57
234
165
160
65
141
58
185
18
249
104
266
235
14
21
150
241
204
219
131
25
218
35
47
135
62
57
43
283
189
50
13
276
1
223
223
227
299
251
214
126
71
18
34
86
129
239
224
230
200
209
175
223
32
208
84
285
243
117
188
180
230
123
40
72
1
249
78
95
109
200
201
118
285
136
242
242
32
171
42
242
97
135
270
171
225
109
204
109
171
135
59
237
48
257
116
6
258
251
230
252
167
292
5
104
230
9
189
45
127
36
18
162
291
103
64
75
204
72
26
91
198
79
64
104
202
95
156
195
28
38
240
134
7
134
233
3
102
168
18
256
291
269
79
0
160
144
263
171
130
94
185
79
199
139
104
163
7
271
292
190
94
296
122
260
252
169
292
17
112
77
132
57
230
147
229
23
227
84
105
74
286
86
71
235
51
242
129
15
26
131
121
70
171
266
204
12
59
182
20
73
123
277
205
259
229
107
121
114
65
139
79
190
6
8
34
73
239
252
189
131
164
51
19
31
265
129
95
250
112
295
243
113
269
189
64
122
41
266
242
94
256
144
43
90
21
106
21
276
49
141
210
47
233
298
95
258
241
171
147
24
69
161
5
57
291
230
57
172
18
7
50
67
29
134
42
243
188
248
256
170
111
169
278
241
185
0
18
78
233
21
78
263
206
185
241
64
62
36
1
79
242
196
26
124
135
147
206
71
298
5
160
248
91
144
223
2
89
77
89
71
252
230
1
124
177
128
41
18
2
135
64
171
126
122
234
202
89
1
299
9
291
79
261
262
152
151
136
291
227
15
209
214
190
124
94
250
124
269
164
30
40
7
13
106
89
102
262
57
219
206
237
35
199
98
20
158
221
106
176
133
58
150
16
133
231
131
20
263
267
239
140
25
71
89
114
53
193
67
214
298
49
215
296
78
269
200
46
78
114
20
132
253
134
0
160
35
104
52
297
102
26
107
48
89
91
249
141
70
76
176
62
258
66
263
169
154
176
277
131
257
45
35
199
25
133
52
150
125
291
178
95
41
132
31
83
42
165
168
207
19
88
48
257
295
146
292
62
286
32
259
125
96
44
14
104
207
1
2
4
135
62
259
281
124
204
235
293
36
204
29
51
286
47
299
185
158
50
298
143
19
89
47
28
249
126
263
7
190
242
277
260
158
200
189
197
273
134
72
212
44
84
116
135
208
111
148
65
172
233
271
272
5
109
289
164
141
26
61
9
283
90
133
39
129
289
189
89
251
138
44
241
35
286
284
88
7
78
222
283
150
112
14
225
63
177
291
176
17
82
140
79
53
95
244
254
291
135
277
187
270
58
230
156
266
242
141
56
116
182
44
5
167
160
96
78
291
92
38
234
141
28
238
1
118
173
244
31
75
38
127
156
81
299
158
26
239
248
124
62
257
41
89
198
162
28
227
159
55
64
86
62
273
35
16
192
60
240
64
253
150
134
150
20
106
287
173
43
78
218
246
36
68
20
79
101
268
95
56
26
131
117
164
256
107
42
112
33
196
175
238
289
231
147
258
173
58
265
141
170
71
182
64
206
248
264
174
49
162
298
59
172
230
108
290
47
121
43
20
224
78
276
193
134
1
18
11
17
250
83
212
5
241
60
276
81
260
41
64
36
56
65
74
182
132
251
97
62
168
149
24
1
292
251
28
171
202
291
118
193
56
96
208
216
214
286
201
280
249
92
78
206
18
270
131
85
249
104
201
213
42
98
126
5
45
264
114
5
277
160
105
258
27
181
48
276
46
206
213
20
1
33
17
150
51
271
126
102
122
234
155
185
131
289
133
111
89
17
89
282
81
85
40
238
111
78
113
164
81
286
238
153
59
279
131
2
181
272
176
68
243
89
106
0
202
299
291
288
124
0
56
207
52
72
261
292
67
85
61
83
130
169
44
220
65
212
110
241
268
289
91
200
185
5
211
230
276
30
279
89
161
70
28
286
245
277
163
158
233
132
116
25
206
95
271
150
57
131
40
94
224
238
69
218
78
95
204
222
135
31
176
270
7
0
89
40
149
251
235
35
5
133
58
44
290
192
41
20
223
75
145
142
173
264
292
215
160
125
189
197
140
282
184
72
94
6
154
104
47
203
185
168
174
98
189
255
204
44
242
109
13
35
26
113
35
299
292
43
5
79
96
228
181
48
181
263
123
73
123
132
254
128
201
292
7
62
52
106
176
51
28
204
144
158
113
13
149
184
277
204
210
209
121
15
49
199
32
95
259
236
203
18
97
43
217
25
230
5
238
122
121
224
237
269
76
237
64
295
72
288
34
247
175
74
85
57
43
202
151
52
43
0
46
25
214
235
264
85
169
78
293
31
171
146
18
62
7
262
5
148
26
43
9
290
280
63
164
285
70
238
85
134
20
171
257
13
273
97
231
136
149
43
232
174
79
200
191
84
19
66
243
181
38
150
93
20
139
241
90
18
97
73
204
125
130
155
208
67
279
127
172
7
180
239
250
113
40
160
144
58
259
18
204
290
120
79
126
282
266
293
264
4
260
124
59
75
63
242
119
93
23
5
159
263
29
111
256
95
142
1
148
164
79
52
288
280
26
153
256
47
18
295
189
155
172
180
26
154
230
131
291
2
76
40
242
225
207
168
287
98
102
299
269
291
150
69
12
124
293
162
280
127
221
45
148
44
2
257
297
193
213
17
278
263
209
1
48
71
254
103
204
20
284
225
243
292
83
202
41
28
296
28
114
292
251
48
292
184
45
78
206
263
291
86
160
224
140
69
222
53
53
121
178
162
266
19
198
108
45
292
171
279
52
266
256
273
106
259
43
57
204
250
25
7
158
25
147
118
219
45
175
132
81
242
47
175
222
13
139
95
101
283
154
32
117
115
255
97
15
216
154
47
30
32
92
169
91
204
49
171
124
228
44
223
266
90
150
189
202
194
213
185
189
43
241
8
1
32
117
263
116
266
5
200
201
277
33
6
246
285
265
95
128
84
204
32
41
260
186
103
196
38
133
157
79
78
6
238
64
30
290
251
291
102
64
163
9
215
29
74
235
20
152
19
135
258
258
7
149
278
63
284
160
68
154
211
265
115
259
259
39
77
103
195
53
21
134
82
78
104
94
12
129
34
34
111
7
252
122
76
72
34
128
78
256
96
158
65
169
109
162
67
191
0
164
6
39
273
13
0
125
135
257
187
59
147
147
223
36
113
238
175
7
161
38
181
64
204
196
1
129
252
274
240
87
180
119
104
1
214
221
30
109
